
A = [0 1 0 0;0 0 1 0;-3 1 2 3;2 1 0 0];
B = [0 0;0 0;1 2;0 2];
K1 = [1 0 1 0;2 4 0 2]

v = [1;0;1;5];

/